CHR_21 10; 4.331,2.147 3.955,1.961 3.555,1.7 3.18,1.403 2.884,1.105 2.665,0.807 2.525,0.509 2.467,0.223 2.515,0.019; 17.685,16.847 17.323,16.71 16.943,16.48 16.544,16.16 16.094,15.717 15.557,15.123 14.934,14.377 14.225,13.48 11.489,10.001 9.217,7.205 7.41,5.092 6.067,3.661 5.944,3.544 5.855,3.454 5.798,3.391
CHR_22 15; 21.288,19.129 20.799,18.976 20.26,18.519 19.672,17.756 19.035,16.688 18.252,15.269 17.552,14.034 16.937,12.982 16.406,12.113; 23.728,19.129 23.252,18.976 22.722,18.519 22.139,17.756 21.504,16.688 20.52,14.954 19.754,13.613 19.205,12.666 18.874,12.113
CHR_23 15; 17.153,14.579 5.881,0.592; 21.832,14.665 10.526,0.394; 9.893,9.783 23,10; 6,5 19,5
CHR_24 15; 17.9,11.882 16.198,10.563 15.804,9.659 16.234,8.789 17.307,8.571 19.744,9.155 21.108,10.15 21.755,11.531 21.568,12.516 20.512,13.133 18.017,13.306 15.224,12.331 13.685,9.791 14.022,8.31 15.646,6.449 16.22,5.067 15.898,3.525 14.617,1.83 12.529,0.42 10.097,-0.439 8.037,-0.651 5.917,-0.165 4.895,0.905 4.723,1.339 5.193,3.079 6.34,4.295 8.095,5.373 9.857,5.943 10.887,5.956; 23.883,17.9 2.471,-6.296
CHR_25 17; 22.832,14.843 22.763,14.775 22.673,14.698 20.326,12.67 17.364,9.782 13.785,6.033 9.591,1.423; 16.536,12.58 16.614,12.922 16.58,13.167 16.435,13.314 16.179,13.363 15.623,13.251 14.941,12.916 14.135,12.358 13.204,11.576 12.308,10.717 11.607,9.924 11.102,9.199 10.792,8.541 10.725,8.23 10.767,8.007 10.916,7.874 11.173,7.829 11.746,7.937 12.433,8.26 13.234,8.798 14.148,9.551 15.026,10.386 15.717,11.169 16.22,11.9 16.536,12.58 16.536,12.58; 20.33,7.202 20.406,7.54 20.371,7.781 20.226,7.926 19.969,7.974 19.419,7.862 18.741,7.529 17.936,6.973 17.004,6.194 16.106,5.338 15.405,4.551 14.9,3.831 14.592,3.18 14.521,2.856 14.559,2.625 14.707,2.486 14.964,2.44 15.536,2.548 16.223,2.87 17.024,3.408 17.938,4.161 18.816,4.996 19.508,5.781 20.013,6.517 20.33,7.202 20.33,7.202
CHR_26 27; 31.919,6.639 31.919,6.639; 24.208,13.451 24.208,13.451; 24.516,5.419 22.964,3.617 21.61,2.647 20.072,1.985 17.894,1.751 16.333,2.372 15.811,2.992 15.449,4.23 15.986,6.109 17.607,8.114 19.462,9.5 21.576,10.484 23.77,10.989 25.621,10.818 26.825,10.114 27.536,9.057 27.342,6.552 25.594,3.621 23.361,1.748 21.473,0.661 19.391,-0.135 16.634,-0.509 14.556,-0.249 12.226,1.093 11.55,2.119 11.197,4.616 12,7 14,9 17.864,11.49 25.71,14.156 29.836,16.544 31.307,17.928 31.776,18.398 31.945,19.086 31.488,19.047 29.802,18.237 27.203,16.402 22.531,11.27 20.579,7.845 19.899,4.885 19.955,4.147 20.396,2.727 21.112,1.7 22.169,0.988 24.214,0.509 25.954,0.789 27.672,1.514 29.321,2.767 31.052,4.842 31.919,6.639 32.349,9.244 31.915,11.418 30.815,13.359 29.408,14.746 27.469,15.863 25.109,16.553 21.032,16.792 17.848,16.282 14.849,15.043 11.42,12.618 9.262,9.619 8.553,7 9.036,5.093 10.064,3.94 12.579,3.041 14.032,3.06 18.023,4.255 22.063,6.748 24.713,9.117 27.736,13.056
CHR_27 11; 20.183,19.129 19.693,18.977 19.155,18.519 18.567,17.757 17.93,16.689 17.146,15.27 16.447,14.034 15.831,12.982 15.3,12.113
CHR_28 14; 32.359,21.062 31.712,21.016 30.858,20.877 29.799,20.645 28.534,20.321 27.226,19.948 26.038,19.57 24.97,19.186 24.021,18.796 21.675,17.621 19.416,16.203 17.247,14.542 15.167,12.637 13.3,10.611 11.77,8.588 10.578,6.566 9.723,4.546 9.264,2.816 9.117,1.244 9.281,-0.17 9.757,-1.425 9.963,-1.807 10.135,-2.079 10.272,-2.243
CHR_29 14; 18.764,14.787 18.207,13.28 17.595,11.881 16.929,10.589 16.209,9.406 15.403,8.28 14.477,7.16 13.431,6.047 12.266,4.94 10.849,3.735 9.416,2.65 7.969,1.684 6.507,0.836 4.978,0.081 3.332,-0.607 1.567,-1.23 -0.317,-1.786 -1.552,-2.11 -2.51,-2.341 -3.189,-2.48; 18.194,20.72 18.332,20.523 18.954,19.288 19.234,17.92 19.17,16.42 18.764,14.787 18.764,14.787
CHR_2A 9; 19.802,15.268 19.802,15.268; 19.641,18.408 12.772,11.234; 15.521,17.676 16.597,11.687; 12.541,14.347 19.802,15.268
CHR_2B 17; 19.725,13.689 9.849,1.584; 8.124,7.835 21.507,7.732
CHR_2C 8; 5.085,1.759 4.847,1.254 4.469,0.726 3.952,0.177 3.294,-0.393 2.993,-0.611 2.662,-0.83 2.3,-1.048 1.908,-1.266 1.533,-1.457 1.226,-1.593 0.987,-1.675; 5.096,2.228 5.141,2.032 5.085,1.759 5.085,1.759
CHR_2D 12; 6,3 12,3
CHR_2E 8; 4.595,2.147 4.22,1.961 3.819,1.701 3.445,1.403 3.148,1.106 2.93,0.808 2.79,0.511
CHR_2F 17; 28.461,21.601 4.486,-3.005
CHR_30 15; 22.672,11.486 21.889,9.796 20.673,8.051 19.022,6.252 16.937,4.399 14.269,2.397 11.871,0.967 9.744,0.11 7.888,-0.176 7.081,-0.099 6.407,0.134 5.864,0.522 5.453,1.066 5.192,1.73 5.101,2.483 5.178,3.324 5.424,4.253 6.391,6.215 7.962,8.194 10.138,10.188 12.919,12.199 15.402,13.718 17.527,14.803 19.297,15.454 20.71,15.671 21.417,15.599 21.998,15.384 22.453,15.025 22.782,14.523 22.974,13.903 23.02,13.19 22.919,12.384 22.672,11.486 22.672,11.486
CHR_31 15; 23.268,15.08 22.934,14.704 21.977,13.707 20.396,12.089 18.193,9.85 16.324,7.943 14.752,6.304 13.474,4.932 12.492,3.829 11.688,2.857 10.945,1.88 10.264,0.899 9.643,-0.086; 18.055,11.124 22.55,14.64 22.808,14.844 22.975,14.971 23.1,15.061 23.184,15.116 23.226,15.134 23.251,15.131 23.267,15.12 23.272,15.104 23.268,15.08 23.268,15.08
CHR_32 15; 22.992,12.347 22.558,11.372 21.934,10.451 21.122,9.585 20.122,8.774 19.341,8.242 18.57,7.766 17.809,7.345 17.058,6.98 16.14,6.591 14.882,6.102 13.283,5.513 11.342,4.822 8.877,3.875 6.761,2.894 4.995,1.878 3.579,0.827 4.392,1.272 5.192,1.589 5.981,1.78 6.757,1.843 7.396,1.804 8.109,1.687 8.895,1.492 9.754,1.219 10.481,0.984 11.128,0.816 11.697,0.715 12.186,0.681 12.814,0.744 13.461,0.932 14.128,1.245 14.815,1.683 15.481,2.218 16.085,2.82 16.628,3.489; 17.911,10.374 17.324,9.794 16.544,9.107 15.769,8.489 14.972,7.93 14.153,7.429 13.312,6.986 12.496,6.624 11.754,6.366 11.085,6.21 10.489,6.159 9.972,6.2 9.538,6.326 9.188,6.534 8.922,6.827 8.749,7.188 8.679,7.604 8.712,8.074 8.848,8.599 9.527,9.935 10.639,11.228 12.185,12.477 14.164,13.683 15.892,14.528 17.486,15.132 18.944,15.494 20.268,15.615 21.059,15.558 21.733,15.388 22.288,15.104 22.727,14.707 23.028,14.219 23.173,13.663 23.161,13.039 22.992,12.347 22.992,12.347
CHR_33 15; 22.366,13.028 21.458,11.456 19.904,10.185 17.704,9.212 13,8 16.218,8.017 17.054,7.247 17.368,6.23 17.158,4.966 16.664,3.952 15.891,3.001 14.841,2.114 13.512,1.291 12.031,0.598 10.522,0.103 8.986,-0.194 7.424,-0.293 6.49,-0.243 5.68,-0.093 4.992,0.157 4.427,0.506 4.014,0.934 3.779,1.418 3.723,1.958 3.845,2.555 4.136,3.177 4.571,3.753 5.148,4.281 5.867,4.763 6.672,5.163 7.505,5.449 8.364,5.621 9.251,5.678 9.845,5.667; 18.396,12.612 18.149,12.391 17.813,12.114 17.443,11.823 17.092,11.562 16.76,11.329 16.446,11.126 15.502,10.592 14.625,10.21 13.814,9.981 13.069,9.905 12.671,9.936 12.334,10.03 12.058,10.187 11.844,10.406 11.699,10.674 11.635,10.978 11.649,11.317 11.743,11.691 12.118,12.415 12.744,13.12 13.622,13.806 14.751,14.473 15.994,15.048 17.214,15.459 18.411,15.705 19.585,15.787 20.376,15.74 21.049,15.6 21.603,15.366 22.04,15.039 22.344,14.633 22.499,14.162 22.507,13.627 22.366,13.028 22.366,13.028
CHR_34 15; 26.508,17.205 21.072,14.885 7.662,5.455 4.501,4.42 8.819,5.073 15.592,4.938 19.224,6.042 19.715,7.07 20.167,8.327; 22.092,14.469 13.234,5.845 8.071,-0.022
CHR_35 15; 23.517,14.722 23.027,14.357 22.49,14.048 21.952,13.828 21.415,13.696 20.878,13.651 20.472,13.672 20.068,13.735 19.665,13.84 19.264,13.986 18.681,14.203 18.174,14.357 17.741,14.45 17.384,14.481 16.971,14.418 16.573,14.23 16.191,13.917 15.824,13.479 15.012,12.394 14.157,11.362 13.261,10.383 12.322,9.456 13.011,9.704 13.679,9.881 14.326,9.987 14.953,10.022 15.869,9.953 16.655,9.744 17.313,9.397 17.842,8.911 18.213,8.321 18.396,7.66 18.393,6.93 18.203,6.13 17.625,4.933 16.726,3.797 15.505,2.722 13.963,1.708 12.257,0.847 10.547,0.232 8.833,-0.138 7.115,-0.26 6.266,-0.209 5.536,-0.055 4.924,0.201 4.431,0.561 4.079,1 3.89,1.499 3.864,2.058 4.002,2.675 4.339,3.392 4.84,4.049 5.505,4.646 6.336,5.181 7.27,5.623 8.249,5.938 9.272,6.128 10.339,6.191 10.882,6.18
CHR_36 15; 8.358,5.142 9.495,6.262 10.655,7.268 11.836,8.161 13.04,8.941 14.21,9.573 15.291,10.025 16.282,10.296 17.183,10.386 17.856,10.33 18.423,10.162 18.884,9.883 19.239,9.492 19.473,9.012 19.571,8.466 19.533,7.853 19.359,7.174 18.748,5.896 17.79,4.634 16.483,3.387 14.829,2.155 13.043,1.084 11.342,0.319 9.726,-0.14 8.195,-0.293 7.445,-0.227 6.822,-0.031 6.327,0.296 5.958,0.754 5.729,1.322 5.651,1.981 5.725,2.731 5.95,3.572 6.537,4.902 7.406,6.263 8.555,7.655 9.985,9.077 11.658,10.497 13.537,11.881 15.622,13.228 17.912,14.539 18.883,15.045 19.871,15.518 20.877,15.956 21.901,16.362 22.857,16.702 23.66,16.945 24.311,17.09; 25.015,16.979 25.015,16.979
CHR_37 15; 24.592,16.326 24.423,15.96 24.144,15.53 23.754,15.037 23.253,14.481 22.81,14.029 22.382,13.616 21.97,13.244 21.572,12.912 20.979,12.439 20.111,11.775 18.967,10.921 17.548,9.876 14.039,7.114 11.295,4.537 9.314,2.146 8.098,-0.06; 14.325,14.759 15.048,15.172 15.735,15.467 16.385,15.644 16.999,15.703 17.428,15.657 18.015,15.518 18.762,15.286 19.668,14.962 20.197,14.778 20.691,14.646 21.15,14.567 21.574,14.541 22.488,14.631 23.211,14.9 23.742,15.349 24.082,15.978 24.1,16.037 24.116,16.101 24.13,16.168 24.141,16.239 24.171,16.326 24.221,16.434 24.285,16.511 24.364,16.557 24.458,16.572 24.548,16.557 24.601,16.511 24.615,16.434 24.592,16.326 24.592,16.326
CHR_38 15; 23.958,14.229 23.284,15.397 22.296,15.837 20.765,15.904 19.038,15.597 16.701,14.546 14.478,12.674 13.705,11.128 14.113,9.124 15.417,6.726 15.458,2.777 14.32,1.864 10.897,0.136 8.109,-0.293 5.704,0.218 4.595,1.666 4.739,3.003 6.122,5.016 8.737,6.72 11.214,7.734 19.238,10.089 21.518,11.135 23.461,12.89 23.958,14.229
CHR_39 15; 22.241,11.894 21.675,10.635 20.813,9.327 19.658,7.97 18.207,6.564 16.519,5.16 14.65,3.811 12.599,2.516 10.368,1.276 9.336,0.759 8.292,0.281 7.235,-0.156 6.165,-0.554 5.163,-0.884 4.308,-1.12 3.6,-1.262; 19.586,10.108 18.488,9.092 17.34,8.168 16.14,7.335 14.89,6.592 13.665,5.982 12.541,5.546 11.519,5.284 10.597,5.197 9.952,5.25 9.414,5.409 8.982,5.675 8.656,6.047 8.447,6.508 8.367,7.04 8.416,7.644 8.594,8.32 9.213,9.597 10.194,10.841 11.537,12.052 13.24,13.23 14.159,13.771 15.092,14.258 16.041,14.693 17.004,15.075 17.929,15.387 18.762,15.609 19.502,15.743 20.151,15.787 20.849,15.72 21.43,15.518 21.897,15.183 22.248,14.712 22.467,14.133 22.539,13.47 22.464,12.724 22.241,11.894 22.241,11.894
CHR_3A 8; 4.946,2.259 4.595,2.147 4.22,1.961 3.819,1.7 3.445,1.403 3.148,1.105 2.93,0.807 2.79,0.509 2.731,0.223; 8.649,6.402 8.273,6.216 7.874,5.956 7.503,5.658 7.209,5.36 6.992,5.062 6.852,4.765 6.794,4.479
CHR_3B 8; 9.44,6.072 9.293,5.749 9.074,5.433 8.783,5.124 8.42,4.823 8.032,4.562 7.666,4.376 7.321,4.265 6.998,4.227 6.738,4.266 6.582,4.383; 5.114,1.759 4.876,1.254 4.498,0.726 3.98,0.177 3.322,-0.393 3.027,-0.611 2.699,-0.83 2.338,-1.048 1.943,-1.266 1.565,-1.457 1.256,-1.593 1.015,-1.675 0.843,-1.702 0.807,-1.697
CHR_3C 17; 24.95,13.203 8.168,7.669 7.723,7.044 16.721,1.511
CHR_3D 17; 8.837,8.861 8.957,8.982 9.162,9.068 9.454,9.12 9.832,9.137 22.033,9.137 22.265,9.12; 6.496,6.385 6.784,6.434 7.161,6.45 19.362,6.45
CHR_3E 17; 21.131,7.729 20.671,7.104 3.892,1.583; 12.114,13.263 21.131,7.729
CHR_3F 14; 22.685,13.201 22.685,13.201; 4.804,-0.103 4.65,0.019 4.603,0.223 4.661,0.509 4.801,0.807 5.019,1.105 5.316,1.403 5.69,1.7 6.091,1.961 6.467,2.147 6.817,2.259; 16.279,18.831 17.293,19.079 18.438,18.976 19.241,18.292 19.612,17.109 19.376,15.861 18.009,13.35 14.268,9.938 11.128,8.7 9.407,8.974 8.998,9.573 9.334,11.373 10.469,13.062 13.899,15.566 17.074,16.801 18.633,17.048 20.872,16.853 22.366,15.874 22.875,14.661 22.685,13.201 22,12 20.076,10.092 17.756,8.821 12.963,7.073 9.451,5.523 7.912,3.922 8.013,3.298 9.111,3.288 11.652,4.881
CHR_40 21; 20.82,9.947 21.068,10.701 20.77,11.13 19.449,11.036 17,10 13.55,7.923 12.031,5.976 11.51,4.187 12.193,3.08 13.284,3.087 15,4.117 17.23,5.976 22.268,11.002 17.411,6.198 16.539,4.735 16.494,3.622 17.393,3.128 19.492,2.892 22.069,3.994 25.758,7.404 26.998,10.41 26.793,12.459 25.926,13.774 24.539,14.77 21.866,15.238 18.508,14.836 13.222,12.667 9.795,9.734 8,6 7.643,2.674 8.629,1.034 11.264,-0.363 14.454,-0.709 17.973,-0.086 20.809,1.534 22.522,2.944 23.203,3.824 24.251,6.205 23.852,7.796
CHR_41 28; 30.688,14.773 29.509,13.756 28.522,13.083 27.64,12.68 26.862,12.546 26.326,12.613 25.995,12.814 25.869,13.15 25.949,13.621 26.08,13.888 27.669,15.944 28.415,17.114 28.634,17.63 28.793,18.256 28.819,18.811 28.714,19.295 28.476,19.708 28.115,20.038 27.639,20.274 27.049,20.416 26.344,20.463 24.591,20.3 22.79,19.809 20.941,18.992 19.043,17.849 17.296,16.513 15.899,15.121 14.853,13.673 14.157,12.169 13.947,11.368 13.891,10.651 13.989,10.017 14.241,9.467 14.631,9.022 15.147,8.705 15.787,8.514 16.552,8.451 17.783,8.571 19.036,8.933 20.311,9.537 21.97,10.66 23.44,12.041 23.878,12.582; 25.36,8.715 25.36,8.715; 35,9 23,9 22,8; 46.912,17.147 44.788,17.531 42.281,17.498 39.965,17.149 36,16 31,13 22,6 16.337,2.345 12.375,0.385 8.969,-0.422 7.367,-0.504 5.467,-0.1 4.118,0.821 3.539,2.07 3.737,3.345 4.777,4.641 5.636,5.048 6.378,5.026 6.655,4.712 6.657,4.369; 43.627,17.63 41.706,16.888 39.182,15.341 37.226,13.688 29.255,5.071 26.298,2.63 23,1 21,0 20,0 17.609,0.15 23.627,-0.157 24.912,0.164 27.379,1.45 29.568,3.157 31.662,5.118
CHR_42 29; 12.425,6.411 11.799,6.489 11.292,7.022 11.172,7.725 11.339,8.569 11.874,9.688 12.715,10.794 14,12 16.099,13.432 18.377,14.57 20,15 22,15 22.929,14.168 22.947,13.302 22.174,11.384 21,10 17.738,7.103 14,5 10.488,4.227 9.165,4.417 8.145,4.91 7.362,6.098 7.308,7.721 8.047,9.692 9.295,11.658 11.092,13.534 13.439,15.32 17.636,17.674 20.5,18.734 23.342,19.37 26.163,19.582 29.032,19.285 31.42,18.51 33,17 33.863,15.395 33.693,13.961 32.32,11.942 31,11 29.305,10.21 27,10 25.483,9.937 28.526,9.8 30.088,8.321 30.177,6.254 29.09,3.701 27.675,2.08 26,1 24.327,-0.009 20.802,-0.77 19.637,-0.594 18.648,0.318 18.642,1.559 19.453,3.234 20.614,4.614 22.234,5.926 24.335,7.066 25.947,7.332 27.087,6.748 27.286,5.651 26.751,4.38 25.721,3.08; 39.785,12.826 41,15 41.212,16.67 40.834,17.961 39.853,18.795 37.715,19.024 35.062,18.43 32.608,17.374 30.232,15.738 26.957,12.739 20.194,5.208 17.525,2.93 14.344,1.185 11,0 8.968,-0.533 6.395,-0.486 4.77,0.269 4.142,1.273 4.235,2.499 4.968,3.637 6.041,4.282 6.53,4.285 6.927,4.069
CHR_43 25; 31.292,10.649 31.645,12.076 31.577,13.3 30.949,15.103 29.374,17.11 28.102,18.081 27.104,18.789 24.984,19.802 22.738,20.409 19.516,20.564 16.266,19.992 14.026,19.086 12.209,17.827 10.914,16.381 10.399,15.295 10.201,13.557 10.902,12.149 12.501,11.073 14.998,10.326 18.346,10.173 22.491,10.779 27.216,12.2 31.072,13.987 32.88,15.722 33.122,16.644 32.968,16.83 32.488,17.128 31.667,17.277 29.374,17.11 26.729,16.33 22.823,14.503 18.451,11.509 15.372,8.562 13.149,5.439 12.363,3.436 12.182,2.087 12.491,1.007 13.515,-0.025 15.211,-0.472 16.767,-0.385 18.893,0.111 21,1 23,2 25,3 27,5 28,7 28.36,9.461 27.923,10.228 27.007,10.611 25.868,10.643 24.706,10.388 22.824,9.558 20.195,7.643 18.442,5.584 17.902,4.294
CHR_44 26; 18.483,13.77 19.331,14.352 20.768,14.591 21.754,14.217 22.005,13.909 22.225,13.097 22.041,12.072 20.809,9.851 19.535,8.352 17,6 14.054,4.254 10.683,3.105 9.445,3.051 7.864,3.555 6.716,5.072 6.649,6.796 6.909,7.802 8.707,11.043 13,15 14.119,15.898 15.536,16.681 18.367,18.024 22.601,19.254 25.415,19.477 27.582,19.257 29.305,18.595 29.945,18.044 31.003,16.72 31.655,14.436 31.268,11.344 30.083,8.414 28,6 25,3 22.273,1.182 19,0 14.643,-0.681 10.974,-0.329 7.285,0.194 4.067,0.425 2.369,0.236; 42.375,14.933 42.681,16.667 42.162,17.545 41.3,18.506 39.457,18.957 36.678,18.435 33,17 27.646,12.997 16.664,2.573 14.767,1.431 11.828,0.289 11.031,0.061
CHR_45 26; 12.462,8.207 11.742,7.307 10.535,6.81 9.277,6.973 8.433,7.731 8.044,8.984 8.095,10.097 8.6,11.553 9.713,13.388 11.481,15.093 14.001,16.761 18.168,18.039 20.492,18.199 23.515,17.927 29.246,16.532 32.373,15.75 35.082,15.601 35.769,15.888 36.086,16.296 36.105,16.571 36.105,17.12 34.394,17.868 32.233,18.083 29.042,17.688 26.182,16.582 23.834,14.651 23.31,13.394 23.513,12.211 24.275,12.026 27,12 22.55,11.328 17.658,9.884 12.832,6.53 11.498,4.525 11.08,2.534 11.588,1.254 12.743,0.243 15.473,-0.562 19.318,-0.242 23,1 25.933,2.848 27.841,4.745 28.687,6.092 29.173,7.409 29.059,8.462 27.569,9.551 25.639,9.598 22.976,9.07 21.156,8.316 17.607,6.027 14.921,2.69 14.354,0.648 14.78,-0.903 15.897,-2.068 17.006,-2.479 19.095,-2.581 21.647,-1.963
CHR_46 21; 10.5,16.051 13.864,18.404 15.586,19.221 17.995,19.793 19.371,19.818 20.447,19.591 21.605,18.853 21.818,18.456 22.167,17.06 21.912,15.333 21.464,14.185 20.142,11.889 18.084,9.707 15.624,7.768 13.261,6.629 11.776,6.279 10.037,6.378 9.374,6.939 9.13,8.06 9.62,9.582 10.446,10.963 11.632,12.352 13.178,13.749 15.943,15.726 18.786,17.123 22.89,18.231 26.975,18.401 32.034,17.279 36.23,16.239 38.896,15.937 41.121,16.158; 32.915,17.06 29.539,15.54 24.378,12.22 12.702,1.859 9.113,0.09 6.278,-0.333 3.769,0.343 3.098,0.986 2.816,2.028 3.003,2.785; 16.756,7.044 18.61,8.303 19.555,8.496 22.286,8.166 24.743,7.996 26.503,8.96 26.642,9.782 26.289,9.882 25.32,9.79 24.208,9.146 22.44,7.241 21.219,5.908 19.858,5.06
CHR_47 23; 27.299,11.111 29.16,13.221 30.199,15.797 30.185,17.988 28.911,19.826 26.611,20.906 23.225,21.105 20.005,20.603 16.856,19.384 13.203,17.057 11.917,15.742 10.673,13.625 10.603,11.76 10.919,11.159 12.489,10.107 14.59,9.85 18.398,10.448 24.209,12.696 30.768,16.564 32.68,18.568 32.842,19.543 32.405,19.942 31.389,19.979 26.727,18.38 20.538,15.204 16,11 14.653,8.957 13.99,6.397 14.175,5.26 14.693,4.369 16.374,3.702 17.828,3.779 20.449,4.897 31.343,13.464; 31.598,13.327 26.543,9.058 16.218,-0.935 12.257,-3.871 10.468,-4.78 8.704,-5.387 5.514,-5.725 3.516,-5.235 2.013,-3.755 1.935,-1.548 2.433,-0.189 4.564,3.062 6.943,5.28 9.721,6.985 11.579,7.745 13.443,8.184 15.937,8.162 17.642,7.09 18.081,5.558 17.55,3.292 15.722,0.992 13.212,-0.819 11.405,-1.432 10.415,-1.401 9.732,-0.959 9.505,-0.205 9.879,0.909 10.457,1.608 11.722,2.372
CHR_48 27; 26.972,15.317 26.962,15.353 26.933,15.375 26.885,15.382 26.845,15.373 26.8,15.346 26.748,15.301 26.69,15.237 26.257,14.788 25.781,14.369 25.264,13.982 24.704,13.625 24.15,13.326 23.651,13.113 23.206,12.985 22.815,12.942 22.318,13.011 22.016,13.218 21.909,13.563 21.999,14.046 22.128,14.31 22.371,14.682 22.729,15.16 23.202,15.746 23.685,16.362 24.074,16.933 24.37,17.459 24.572,17.939 24.78,19.108 24.494,19.943 23.716,20.444 22.445,20.611 20.694,20.446 18.899,19.949 17.059,19.12 15.175,17.96 13.44,16.604 12.048,15.187 11,13.71 10.295,12.171 10.093,11.396 10.041,10.697 10.138,10.074 10.384,9.528 10.763,9.083 11.258,8.765 11.869,8.574 12.595,8.511 13.73,8.619 14.899,8.943 16.101,9.483 17.337,10.239 17.871,10.614 18.267,10.926 18.526,11.174; 32.491,17.458 32.215,17.367 31.827,17.215 31.328,17.002 30.798,16.763 30.319,16.532 29.889,16.309 29.509,16.094 27.746,14.928 25.812,13.389 23.706,11.479 21.427,9.196 21.131,8.898 20.88,8.644 20.675,8.433 20.472,8.22 18.066,5.796 16.105,3.979 14.344,2.525 12.783,1.433 11.313,0.636 9.826,0.067 8.32,-0.275 6.797,-0.389 5.981,-0.341 5.275,-0.198 4.679,0.04 4.195,0.374 3.844,0.782 3.651,1.244 3.617,1.759 3.74,2.328 3.871,2.664; 20.477,-0.383 20.024,-0.353 19.51,-0.303 18.935,-0.233; 43.302,12.553 44.493,13.479 45.366,14.499; 17,8 32,8; 39.866,11.043 41.792,11.721 43.302,12.553; 45.366,14.499 45.994,15.919 46.017,17.02 45.691,17.698 44.82,18.302 42.74,18.42 40.229,17.83 36.392,15.81 34,14 26,6 23.626,3.361 21.398,1.31 19.06,0.048 17.744,-0.521 16.484,-0.675 15.714,-0.604 15.735,-0.205 16.657,-0.012 17.273,-0.011 18.935,-0.233 20.477,-0.383 23,0 25,1 28,3 30,4
CHR_49 20; 4.686,4.31 3.631,3.674 3.057,2.892 2.765,1.856 2.942,0.974 3.509,0.219 4.485,-0.316 5.724,-0.625 7.703,-0.601 9.701,-0.278 11.787,0.369 13.961,1.339 17.48,3.531 23.377,9.799 26.114,12.611 28.688,14.916 31.099,16.715 33.324,18.213 35.866,19.218 36.642,19.357 36.725,19.146 36.156,18.792 34.616,18.181 31.197,17.246 25.482,15.707 21.932,13.855 19.456,11.202 19.102,9.531 19.329,8.885 20.142,8.15 22.43,7.836 24.695,8.414 25.623,8.891 26.492,9.464 27.54,10.436 28.517,11.738
CHR_4A 18; -1.114,-0.472 -1.987,-1.035 -2.54,-1.786 -2.807,-3.054 -2.395,-4.086 -1.358,-4.824 0.626,-5.173 3.181,-4.862 5.87,-4.054 9.455,-2.192 12.908,0.595 16.066,4.106 22.553,11.753 27,16 29.615,17.915 31.794,19.319 34.293,20.237 34.71,20.281 34.715,20.067 34.382,19.833 33.652,19.5 32.285,18.996 30.29,18.562 26.921,17.934 22.398,17.256 19.284,16.09 16.188,13.642 15.112,11.868 14.578,9.856 14.817,8.634 15.508,7.666 16.614,7.043 18.772,6.724 21,7 23.047,8.169 24.482,9.281 25.884,11.304
CHR_4B 27; 18.677,11.358 18.558,11.179 18.3,10.933 17.903,10.619 17.367,10.239 16.131,9.483 14.929,8.943 13.76,8.619 12.625,8.511 11.891,8.574 11.275,8.765 10.775,9.083 10.392,9.528 10.142,10.074 10.043,10.697 10.094,11.396 10.295,12.171 11,13.71 12.05,15.187 13.444,16.604 15.182,17.96 17.07,19.12 18.914,19.949 20.716,20.446 22.473,20.611 23.744,20.444 24.522,19.943 24.808,19.108 24.6,17.939 24.362,17.413 23.962,16.766 23.401,15.997 22.679,15.106 22.433,14.795 22.238,14.515 22.093,14.265 21.999,14.046 21.909,13.563 22.016,13.218 22.317,13.011 22.815,12.942 23.273,12.992 23.776,13.142 24.324,13.392 24.917,13.741 25.41,14.083 25.883,14.456 26.335,14.86 26.767,15.295 26.809,15.333 26.847,15.361 26.882,15.377 26.913,15.382 26.961,15.375 26.99,15.353 27,15.317 26.99,15.266 26.99,15.266; 32.625,17.277 32.516,17.225 32.37,17.168 31.307,16.711 30.26,16.124 29.227,15.408 28.209,14.561 27.044,13.441 25.572,11.905 23.792,9.951 21.704,7.581 20.683,6.444 19.716,5.442 18.803,4.577 17.945,3.848 17.066,3.193 16.093,2.552 15.026,1.922 13.864,1.306 11.919,0.423 10.11,-0.208 8.438,-0.587 6.903,-0.713 5.952,-0.661 5.133,-0.503 4.447,-0.239 3.892,0.13 3.493,0.583 3.274,1.1 3.234,1.68 3.374,2.324 3.525,2.687 3.719,3.019 3.959,3.322 4.242,3.595 4.55,3.821 4.863,3.982 5.182,4.079 5.506,4.111; 40.859,10.887 40.692,10.785 40.639,10.768 41.63,11.078 42.626,11.506 43.575,12.038 44.473,12.67 45.283,13.37 45.957,14.113 46.488,14.904 46.862,15.739 47.046,16.483 47.069,17.221 46.899,17.938 46.527,18.58 45.988,19.092 45.333,19.438 44.607,19.626 43.825,19.683 42.817,19.612 41.797,19.403 40.767,19.062 39.728,18.594 38.622,17.973 37.387,17.174 36.017,16.194 34.528,15.049 31.974,13.183 29.69,11.837 27.674,10.988 24.086,10.225 25.586,8.627 25.672,8.387 25.67,7.938 25.5,7.244 25.309,6.79 24.932,6.048 24.377,5.051 23.645,3.806 23.293,3.211 23.002,2.681 22.774,2.217 22.603,1.796 22.435,1.145 22.388,0.487 22.493,-0.163 22.77,-0.77 23.209,-1.279 23.772,-1.636 24.402,-1.831 25.069,-1.889 25.675,-1.842 26.267,-1.707 26.783,-1.508
CHR_4C 24; 17.6,10.889 17.414,11.249 16.926,11.388 15.917,11.065 15.131,10.351 14.511,8.967 14.705,7.926 15.48,7.218 17.13,7.144 18.589,7.542 21.055,8.834 22.792,10.451 25.858,13.493 26.86,14.948 27.688,17.072 27.594,18.304 26.917,19.243 26.085,19.635 25.399,19.756 24.035,19.666 21.988,19.185 19.817,18.222 17.524,16.778 13.258,12.999 10.56,8.95 9.84,6.578 9.967,5.449 10.829,4.348 11.939,3.893 14.841,3.864 18.037,4.924 32.58,14.166 34.776,16.025 36.512,17.801 36.969,18.361 36.925,18.852 36.25,18.796 34.124,17.446 29,13 21.62,4.418 17,2 10,0 7,0 4.512,0.218 3.49,0.567 3.097,1.089 3.47,1.966 4.85,2.497 6.989,2.701 9.357,2.483 11.254,2.135 16,0 19,-1 21.746,-1.453 24.102,-1.087 26.6,0.262
CHR_4D 30; 43.884,18.34 43.735,18.263 43.531,18.17 42.537,17.67 41.56,17.07 40.6,16.37 39.656,15.57 38.66,14.607 37.541,13.417 36.3,12 34.936,10.356 32.955,7.979 31.16,5.963 29.553,4.305 28.132,3.007 26.775,1.968 25.36,1.086 23.887,0.363 22.357,-0.203 22.937,-0.286 23.452,-0.345 23.9,-0.381 24.282,-0.393 25.365,-0.333 26.376,-0.155 27.317,0.143 28.186,0.559 29.139,1.182 30.331,2.1 31.762,3.314 33.433,4.822 33.538,4.911 33.626,4.975 33.696,5.013 33.749,5.026 33.771,5.015 33.783,4.997 33.785,4.971 33.777,4.939; 48.669,12.906 48.659,12.932 48.665,12.97 48.682,12.999 48.699,13.028 48.716,13.057 48.734,13.086 48.923,13.362 49.099,13.681 49.264,14.044 49.415,14.451 49.635,15.38 49.637,16.235 49.421,17.017 48.989,17.725 48.376,18.313 47.621,18.733 46.723,18.985 45.683,19.069 43.804,18.849 41.753,18.19 39.532,17.092 37.139,15.554 36.191,14.869 35.296,14.192 34.456,13.525 33.67,12.867 32.762,12.077 31.49,10.943 29.855,9.463 27.855,7.639 24.827,4.973 22.186,2.86 19.932,1.299 18.066,0.289 17.387,0.004 16.85,-0.201 16.455,-0.323 16.202,-0.364 16.166,-0.358 16.145,-0.339 16.139,-0.307 16.149,-0.262 16.18,-0.243 16.254,-0.197 16.372,-0.126 16.533,-0.03 17.404,0.546 18.233,1.212 19.021,1.969 19.766,2.817 20.611,3.918 21.802,5.581 23.341,7.804 25.226,10.589 26.946,13.018 28.603,15.077 30.196,16.766 31.724,18.084 31.776,18.126 31.817,18.164 31.845,18.198 31.861,18.229 31.73,18.212 31.509,18.102 31.196,17.9 30.791,17.605 29.224,16.315 27.416,14.598 25.369,12.452 23.081,9.877 21.661,8.267 20.367,6.865 19.199,5.67 18.157,4.684 17.155,3.828 16.107,3.026 15.012,2.278 13.871,1.583 12.001,0.617 10.222,-0.073 8.532,-0.487 6.933,-0.625 5.988,-0.572 5.173,-0.413 4.488,-0.147 3.932,0.225 3.531,0.68 3.309,1.197 3.267,1.774 3.404,2.412 3.555,2.775 3.749,3.108 3.989,3.41 4.272,3.683 4.58,3.909 4.893,4.07 5.212,4.167 5.536,4.199 5.929,4.141 6.165,3.967; 18.561,11.47 18.586,11.484 18.603,11.488 18.652,11.48 18.679,11.456 18.687,11.415 18.675,11.358 18.556,11.179 18.298,10.933 17.901,10.619 17.365,10.239 16.13,9.483 14.927,8.943 13.759,8.619 12.623,8.511 11.897,8.574 11.286,8.765 10.791,9.083 10.412,9.528 10.166,10.074 10.069,10.697 10.121,11.396 10.323,12.171 11.03,13.716 12.079,15.197 13.471,16.614 15.205,17.968 17.088,19.124 18.927,19.95 20.722,20.446 22.473,20.611 23.131,20.567 23.681,20.433 24.125,20.211 24.46,19.9 24.681,19.51 24.777,19.054 24.751,18.53 24.6,17.939 24.363,17.413 23.969,16.766 23.417,15.997 22.707,15.106 22.46,14.79 22.264,14.507 22.12,14.259 22.027,14.046 21.937,13.563 22.044,13.218 22.346,13.011 22.844,12.942 23.225,12.985 23.656,13.113 24.136,13.326 24.667,13.625 25.208,13.985 25.719,14.384 26.2,14.82 26.652,15.295 26.71,15.359 26.761,15.404; 26.923,15.324 26.923,15.324
CHR_4E 27; 3.891,2.729 3.758,2.38 3.636,1.811 3.675,1.296 3.874,0.834 4.234,0.426 4.729,0.092 5.334,-0.146 6.049,-0.289 6.873,-0.337 8.581,-0.178 10.337,0.299 12.14,1.094 13.99,2.206 15.995,3.709 18.262,5.678 20.791,8.111 23.583,11.009 25.817,13.34 27.75,15.233 29.381,16.689 30.711,17.707 31.441,18.183 32.013,18.524 32.425,18.728 32.679,18.796 32.702,18.787 32.719,18.774 32.729,18.758 32.732,18.738 32.711,18.711 32.657,18.658 32.572,18.58 32.454,18.477 31.825,17.85 31.275,17.204 30.802,16.539 30.407,15.854 29.994,14.964 29.467,13.681 28.825,12.004 28.068,9.935 27.066,7.364 26.055,5.188 25.037,3.405 22,0 23.997,2.013 23.984,2.002 23.973,1.984 23.962,1.959 23.981,1.93 24.509,2.386 25.832,3.753 27.95,6.032 30.862,9.223 33.202,11.704 35.391,13.815 37.428,15.557 39.313,16.93 41.1,17.969 42.84,18.711 44.536,19.157 46.185,19.305 47.267,19.217 48.188,18.951 48.948,18.509 49.547,17.889 49.954,17.134 50.14,16.286 50.105,15.344 49.848,14.309 49.848,14.309; 26.802,15.126 26.554,14.852 26.176,14.502 25.669,14.075 24.84,13.458 24.082,13.018 23.395,12.754 22.779,12.666 22.408,12.703 22.092,12.813 21.832,12.997 21.629,13.254 21.493,13.565 21.437,13.91 21.463,14.288 21.568,14.699 21.753,15.134 22.026,15.611 22.388,16.129 22.839,16.689 23.391,17.362 23.814,17.928 24.109,18.386 24.275,18.738 24.351,19.09 24.327,19.406 24.205,19.685 23.982,19.929 23.673,20.126 23.291,20.266 22.835,20.351 22.305,20.379 20.655,20.216 18.942,19.725 17.168,18.908 15.331,17.764 13.634,16.436 12.279,15.066 11.265,13.654 10.593,12.2 10.405,11.473 10.357,10.815 10.45,10.227 10.684,9.709 11.042,9.286 11.507,8.985 12.08,8.803 12.76,8.743 13.432,8.79 14.14,8.93 14.885,9.164 15.666,9.491 16.441,9.892 17.171,10.346 17.854,10.854 18.492,11.416 18.53,11.447
CHR_4F 25; 17.548,5.476 17.434,4.517 16.792,3.663 15.758,3.031 14.885,2.819 13.847,2.961 13.075,3.601 12.749,4.369 12.767,5.651 13.382,7.274 14.445,9.043 15.97,10.81 19.063,13.455 22.547,15.547 25.733,16.757 28.036,16.954 29.095,16.79 30.674,15.827 31.192,14.85 31.158,12.456 30.472,10.488 29.079,8.225 27.077,5.956 22.588,2.491 17.75,0.063 14.57,-0.825 11.692,-0.876 10.66,-0.536 9.208,0.826 8.743,2.361 8.786,4.17 10.1,7.582 12.661,11.008 15.485,13.59 19.392,16.133 24.067,18.14 27.259,18.9 29.828,18.98 31.516,18.28 32.197,17.236 32.177,15.854 31.312,13.884 29.261,11.555 27.528,10.202 25.706,9.092
CHR_50 24; 12.462,6.39 11.79,6.46 11.363,6.855 11.174,7.512 11.329,8.54 11.867,9.666 13.285,11.326 16.099,13.427 18.378,14.568 20.471,15.039 22.187,14.962 22.821,14.529 23.044,13.807 22.857,12.797 21.639,10.674 19.62,8.537 16.735,6.474 14,5 12.102,4.407 10.023,4.265 8.461,4.721 7.517,5.769 7.242,6.858 7.434,8.204 8.533,10.697 10.056,12.618 14.75,16.19 17.636,17.674 20.5,18.734 24.753,19.476 27.168,19.523 30.683,18.808 32.063,18.094 33.477,16.588 33.782,14.075 32.984,12.218 31.519,10.658 29.094,9.263 27.099,8.918 25.917,9.094 24.825,9.75; 7,4 6.532,4.285 5.58,4.097 4.702,3.343 4.235,2.499 4.254,1.008 4.77,0.269 5.998,-0.402 6.792,-0.569 8.968,-0.533 11.929,0.208 15.717,1.863 18.593,3.718 22.784,8.055 27,13 30.253,15.769 33.582,17.835 35.753,18.677 38.335,19.073 39.852,18.795 40.621,18.205 41.105,17.361 41.15,15.89 39.866,12.579
CHR_51 22; 19.905,13.222 20.396,14.38 21.267,15.105 23.026,15.498 24.298,14.702 24.628,13.261 24.317,11.753 23.028,9.343 20.143,6.382 16.334,4.059 13.539,3.433 11.239,3.242 9.581,3.786 8.859,5.122 9.094,7.045 10.062,9.15 12.508,12.247 14.717,14.276 19.824,17.654 23.417,19.027 26.972,19.082 28.437,18.028 28.7,15.598 28.414,14.54 27.498,12.421 26.207,10.349 23,7 19.046,3.794 15.415,1.848 13.195,0.825 10.156,0.163 6.362,-0.176 3.36,0.158 2.693,0.867 2.847,1.407 4.096,1.801 5.316,1.799 6.996,1.487 10,1 15.921,-0.073 20.038,-1.204 21.767,-1.099 24,0
CHR_52 29; 12.557,6.477 11.438,6.716 11.158,7.696 11.594,9.103 12.706,10.777 13.855,11.874 16.095,13.427 19.084,14.77 20.467,15.039 22.183,14.962 22.929,14.168 22.947,13.302 22.514,12.091 21.635,10.674 21,10 17.59,7.291 13.845,4.946 11.292,4.317 9.552,4.303 8.142,4.91 7.359,6.098 7.304,7.721 8.043,9.692 9.291,11.658 11.089,13.534 13.436,15.32 16.189,16.932 21,19 24.75,19.476 28.17,19.463 30.681,18.809 32.689,17.678 33.471,16.615 33.874,15.229 33.714,13.771 32.84,12.197 30.455,10.332 28.415,9.595 27.036,9.371 25.324,9.306 24.667,9.488 24.872,9.821 25.647,9.869 26.657,9.691 27.788,8.915 28.088,7.992 27.943,6.872 27.278,5.481 26.033,3.516 24.923,1.653 24.656,0.212 25.098,-0.546 26.415,-0.867 27.386,-0.633 28.531,-0.237; 39.923,12.607 41.389,15.56 41.497,17.184 40.896,18.426 39.295,19.261 37.106,19.23 34.253,18.402 30.685,16.457 24.453,11.421 17.819,4.915 15.06,2.539 12.659,0.991 9.376,-0.186 7.351,-0.308 6.561,-0.208 4.873,0.679 4.456,1.63 4.309,2.678
CHR_53 22; 14.238,7.781 13.585,8.006 12.614,7.755 11.54,6.886 10.98,5.899 10.857,4.832 11.132,4.141 11.972,3.842 13.982,3.796 15.96,4.374 18.963,6.359 21.098,8.266 22.38,10.202 23.89,12.521 24.533,14.588 24.003,16.195 22.328,16.892 19.937,16.667 16.619,15.269 11.87,11.828 8.168,7.652 6.502,4.428 6.196,1.98 6.885,0.714 8.581,-0.202 10.66,-0.289 12.785,0.05 15.779,1.211 18.782,3.057 20.924,4.854 24.632,9.003 26.785,12.011 29.186,15.086 31.693,17.478 34.118,19.139 35.536,19.55 36,19.408 36.047,19.107 35.807,18.596 34.764,17.59 33,16 31,15 18.586,8.461 10.91,3.348 6.955,-0.383 6.12,-1.589 5.564,-3.289 5.782,-4.933
CHR_54 18; 42.821,17.824 42.821,17.824 42.578,17.795 42.578,17.795; 14.779,14.839 17.831,16.74 21.665,18.145 25.178,18.708 28.159,18.627 32.268,17.794 35.371,17.143 38.881,16.707 41.227,16.948 42.388,17.274 42.821,17.824; 33.132,17.612 28.176,14.678 24.841,11.62 21.533,7.893 16.875,3.111 13.039,0.867 9.837,-0.231 7.796,-0.569 4.97,-0.432 3.676,0.233 3.004,1.553 3.199,2.699 3.963,3.747 5.138,4.255
CHR_55 28; 38.43,17.97 31.878,11.669 27.003,6.594 23.804,2.744 22.282,0.12 22.162,-0.352 22.138,-0.779 22.21,-1.162 22.378,-1.5 22.63,-1.776 22.952,-1.974 23.346,-2.092 23.812,-2.132 24.71,-2.016 25.678,-1.671 26.716,-1.094 27.822,-0.288 27.912,-0.224 27.986,-0.179 28.045,-0.151 28.089,-0.142 28.125,-0.15 28.145,-0.171 28.149,-0.208 28.137,-0.258; 17.312,13.27 17.245,13.569 17.332,13.989 17.501,14.367 17.742,14.72 18.055,15.046 18.439,15.346 18.863,15.597 19.292,15.776 19.727,15.884 20.167,15.919 20.641,15.874 21.032,15.738 21.339,15.511 21.562,15.193 21.695,14.798 21.73,14.34 21.667,13.818 21.506,13.233 20.838,11.77 19.802,10.227 18.397,8.604 16.624,6.901 14.689,5.351 12.863,4.244 11.146,3.579 9.538,3.358 8.694,3.436 7.994,3.672 7.437,4.064 7.023,4.614 6.767,5.293 6.686,6.075 6.778,6.96 7.044,7.947 8.148,10.276 9.841,12.5 12.122,14.618 14.992,16.632 16.232,17.356 17.485,18.004 18.752,18.576 20.034,19.071 21.275,19.472 22.42,19.758 23.471,19.929 24.426,19.986 25.443,19.912 26.287,19.69 26.956,19.32 27.452,18.802 27.765,18.151 27.885,17.384 27.813,16.499 27.549,15.497 27.191,14.608 26.731,13.741 26.167,12.897 25.501,12.076 24.553,11.076 23.146,9.696 21.279,7.936 18.952,5.795 17.928,4.851 17.085,4.05 16.424,3.395 15.944,2.883 15.587,2.45 15.294,2.028 15.065,1.618 14.9,1.22 14.812,0.88 14.789,0.57 14.833,0.292 14.943,0.044 15.109,-0.159 15.324,-0.305 15.586,-0.392 15.896,-0.421 17.183,-0.147 18.864,0.676 20.941,2.047 23.414,3.966 26.337,6.481 29.767,9.639 33.705,13.439 38.149,17.883; 38.43,17.97 38.43,17.97
CHR_56 23; 17.551,12.215 17.481,12.506 17.563,12.913 17.728,13.278 17.966,13.619 18.278,13.936 18.663,14.228 19.089,14.473 19.521,14.647 19.961,14.752 20.408,14.787 20.856,14.744 21.228,14.615 21.523,14.399 21.742,14.097 21.876,13.725 21.917,13.3 21.866,12.821 21.722,12.289 21.051,10.83 20.003,9.303 18.58,7.707 16.781,6.042 14.818,4.529 12.98,3.449 11.267,2.801 9.679,2.584 8.794,2.668 8.052,2.919 7.456,3.336 7.005,3.921 6.718,4.638 6.616,5.454 6.699,6.367 6.967,7.378 7.905,9.392 9.345,11.393 11.288,13.383 13.733,15.361 16.35,17.087 18.809,18.319 21.109,19.059 23.251,19.305 24.384,19.198 25.328,18.878 26.083,18.345 26.65,17.598 27.004,16.678 27.123,15.625 27.005,14.438 26.652,13.118 26.038,11.617 25.201,10.078 24.144,8.501 22.864,6.886 21.323,5.186 19.481,3.353 17.337,1.388 14.893,-0.71 14.803,-0.788 14.737,-0.848 14.696,-0.89 14.679,-0.914 14.693,-0.957 14.928,-0.873 15.385,-0.619 16.065,-0.197 16.968,0.394 17.757,0.927 18.574,1.509 19.419,2.139 20.291,2.819 21.418,3.725 23.206,5.18 25.657,7.182 28.77,9.733 30.732,11.315 32.545,12.72 34.212,13.948 35.731,14.999 37.203,15.94 38.728,16.838 40.305,17.694 41.935,18.507 44.511,19.638 46.843,20.446 48.93,20.931 50.774,21.092 51.286,21.066 51.631,20.987; 51.822,20.672 51.822,20.672
CHR_57 28; 17.379,12.378 17.16,12.56 17.094,12.864 17.182,13.29 17.351,13.662 17.594,14.01 17.913,14.334 18.307,14.633 18.739,14.884 19.172,15.063 19.606,15.17 20.041,15.206 20.502,15.161 20.882,15.025 21.181,14.798 21.399,14.48 21.53,14.087 21.564,13.634 21.503,13.121 21.346,12.549 20.711,11.14 19.734,9.645 18.416,8.062 16.755,6.392 14.783,4.74 12.925,3.56 11.179,2.852 9.546,2.617 8.702,2.704 7.997,2.967 7.433,3.405 7.009,4.018 6.745,4.765 6.66,5.603 6.754,6.533 7.027,7.555 7.438,8.568 7.99,9.603 8.683,10.659 9.516,11.737 10.461,12.802 11.489,13.818 12.598,14.784 13.79,15.702 16.456,17.475 18.908,18.741 21.146,19.501 23.171,19.754 24.214,19.643 25.092,19.311 25.804,18.757 26.352,17.982 26.704,17.045 26.83,16.007 26.73,14.867 26.404,13.625 25.764,12.164 24.787,10.555 23.473,8.798 21.821,6.893 19.964,4.983 18.032,3.212 16.026,1.58 13.946,0.087 13.762,-0.042 13.63,-0.138 13.548,-0.202 13.518,-0.232 13.518,-0.258 13.525,-0.276 13.537,-0.287 13.556,-0.291 13.959,-0.133 14.719,0.341 15.834,1.131 17.305,2.237 19.883,4.29 22.94,6.863 26.477,9.955 30.494,13.566 31.701,14.648 32.88,15.672 34.033,16.638 35.158,17.546 36.155,18.315 36.92,18.864 37.455,19.193 37.76,19.303 37.796,19.298 37.818,19.282 37.825,19.255 37.817,19.217 37.803,19.192 37.776,19.159 37.735,19.119 37.681,19.072 37.037,18.459 36.435,17.841 35.874,17.217 35.355,16.588 34.697,15.711 33.849,14.518 32.813,13.01 31.587,11.185 30.2,9.15 28.933,7.372 27.786,5.853 26.76,4.591 25.723,3.45 24.627,2.365 23.473,1.336 22.259,0.364 22.235,0.336 22.211,0.31 22.188,0.285 22.166,0.262 22.168,0.243 22.176,0.226 22.188,0.213 22.204,0.204 22.467,0.323 23.009,0.68 23.829,1.275 24.928,2.107 26.202,3.129 28.294,4.874 31.207,7.341 34.938,10.531 37.008,12.272 38.932,13.819 40.71,15.173 42.343,16.334 43.93,17.369 45.573,18.347 47.27,19.268 49.023,20.132 51.339,21.136 53.428,21.853 55.288,22.283
CHR_58 31; 14.866,7.457 14.277,8.065 14.264,8.573 14.597,9.4 15.27,10.498 16.826,12.212 19.051,13.937 21.217,15.225 23.581,15.831 24.69,15.513 25.11,14.788 25.012,13.798 24.065,12.08 22.501,10.259 19.957,8.181 16.803,6.244 14.866,5.561 12.283,5.389 11.099,5.84 10.405,6.719 10.298,7.903 10.95,9.586 12.183,11.536 16.319,15.316 18.843,16.937 21,18 22.292,18.626 24.344,19.223 26.887,19.369 27.68,19.079 28.466,18.119 28.503,16.964 27.759,15.012 25.482,11.535 23.772,9.258 21.662,6.335 20,2.697 20.2,0.905 20.762,0.073 21.974,-0.519 22.762,-0.593 24.327,-0.418 26.919,0.543 29.756,2.203 31.559,3.6 33.502,5.69 34.685,7.773 34.866,8.899 34.58,9.836 34.089,10.336 33.439,10.626 32.27,10.593 30.926,10.252 25.905,7.194; 5.966,3.864 4.984,3.799 4.56,3.537 4.048,3.022 3.684,2.383 3.492,1.019 3.851,0.29 5.105,-0.561 6.227,-0.743 7.981,-0.654 10.231,-0.017 16.647,3.5 28.079,11.727 33,15 36,17 40.577,18.825 42.669,19.079 44.059,18.38 44.208,17.313 43.825,16.454 42.978,15.532
CHR_59 29; 41.266,16.034 39.707,15.07 38.143,13.949 36.576,12.673 35.004,11.241 33.396,9.613 31.622,7.679 29.682,5.438 27.576,2.89 25.64,0.682 23.588,-1.291 21.421,-3.032 19.14,-4.539 16.846,-5.756 14.644,-6.625 12.532,-7.147 10.511,-7.321 9.593,-7.264 8.802,-7.094 8.135,-6.81 7.595,-6.413 7.207,-5.927 6.999,-5.376 6.972,-4.761 7.123,-4.082 7.296,-3.669 7.524,-3.288 7.806,-2.939 8.143,-2.622 8.508,-2.359 8.874,-2.17 9.242,-2.057 9.612,-2.02; 12.49,6.448 12.548,6.448 12.609,6.443 12.649,6.426 12.667,6.399 12.663,6.361 12.623,6.31 12.543,6.274 12.422,6.252 12.261,6.245 11.894,6.287 11.591,6.412 11.353,6.621 11.18,6.913 11.08,7.272 11.06,7.683 11.122,8.144 11.264,8.656 11.832,9.889 12.694,11.105 13.847,12.304 15.294,13.485 16.845,14.512 18.312,15.245 19.694,15.685 20.992,15.831 21.501,15.788 21.925,15.659 22.263,15.443 22.515,15.141 22.674,14.767 22.731,14.333 22.686,13.841 22.539,13.29 21.919,11.954 20.94,10.548 19.603,9.071 17.908,7.524 15.773,5.91 13.747,4.757 11.828,4.065 10.017,3.835 9.113,3.917 8.361,4.165 7.762,4.578 7.315,5.156 7.036,5.871 6.944,6.692 7.036,7.621 7.313,8.656 8.318,10.778 9.863,12.814 11.946,14.765 14.569,16.63 16.014,17.484 17.47,18.246 18.936,18.915 20.415,19.491 21.848,19.955 23.181,20.286 24.414,20.485 25.546,20.551 26.606,20.471 27.489,20.23 28.195,19.828 28.726,19.266 29.065,18.563 29.199,17.74 29.125,16.795 28.846,15.73 28.494,14.843 28.044,13.967 27.496,13.104 26.851,12.252 26.028,11.319 24.948,10.21 23.61,8.926 22.015,7.467 20.658,6.232 19.562,5.215 18.729,4.414 18.157,3.83 17.751,3.356 17.417,2.887 17.154,2.423 16.963,1.964 16.801,1.169 16.933,0.602 17.357,0.262 18.075,0.148 18.963,0.272 20.015,0.644 21.232,1.263 22.612,2.13 24.22,3.289 26.12,4.782 28.312,6.61 30.796,8.773 33.464,11.037 36.045,13.021 38.538,14.725 40.943,16.15
CHR_5A 20; 1.058,-6.385 0.937,-6.697 0.818,-7.254 0.858,-7.762 1.056,-8.22 1.413,-8.63 1.9,-8.967 2.491,-9.208 3.185,-9.352 3.983,-9.4 5.665,-9.21 7.472,-8.641 9.405,-7.692 11.463,-6.364 13.413,-4.83 14.946,-3.324 16.062,-1.845 16.759,-0.393 17.026,1.145 16.646,2.287 15.62,3.033 13.947,3.384 13.096,3.142 12.328,2.97 11.644,2.866 11.043,2.832 10.856,2.845 10.733,2.883 10.673,2.946 10.676,3.035 10.761,3.141 10.941,3.242 11.216,3.338 11.586,3.428 12.017,3.504 12.472,3.558 12.951,3.591 13.454,3.602 13.919,3.602 15.128,4.101 16.304,4.67 17.448,5.307 18.559,6.014 19.736,6.855 21.08,7.899 22.591,9.144 24.268,10.59 25.239,11.439 26.103,12.185 26.858,12.826 27.506,13.365 26.626,13.442 25.917,13.63 25.379,13.929 25.012,14.338 24.804,14.871 24.743,15.54 24.829,16.346 25.062,17.287 25.238,18.38 25.002,19.161 24.355,19.63 23.297,19.786 21.394,19.547 19.315,18.829 17.061,17.633 14.631,15.958 12.349,14.052 10.54,12.161 9.202,10.285 8.337,8.425 8.129,7.638 8.071,6.932 8.161,6.309 8.399,5.767 8.774,5.328 9.271,5.015 9.893,4.827 10.637,4.764 12.119,4.954 13.731,5.522 15.474,6.468 17.347,7.794 19.107,9.307 20.51,10.818 21.557,12.326 22.246,13.831 22.383,14.335 22.432,14.784 22.394,15.181 22.269,15.524 22.064,15.8 21.787,15.998 21.438,16.116 21.017,16.156 19.998,15.992 18.829,15.5 17.511,14.68 16.043,13.533 14.646,12.245 13.538,11.003 12.72,9.807 12.193,8.658 12.065,8.036 12.155,7.565 12.464,7.244 12.991,7.074
CHR_5B 14; 23.973,21.004 21.663,18.246 19.234,15.393 16.685,12.444 14.015,9.398 10.345,5.237 7.376,1.892 5.109,-0.638 3.544,-2.353 8.335,-2.335; 23.973,21.004 28.623,21.013
CHR_5C 17; 20.11,21.599 12.746,-3.007
CHR_5D 14; 27.72,20.917 26.16,19.202 23.895,16.672 20.924,13.326 17.248,9.165 14.579,6.119 12.029,3.17 9.6,0.316 7.29,-2.441 6.762,-2.343 6.075,-2.267 5.23,-2.212 4.227,-2.18 3.851,-2.173 3.441,-2.183 2.997,-2.21 2.517,-2.252 2.241,-2.279; 21.905,20.923 22.11,20.896 22.389,20.858 22.707,20.82 23.03,20.793 23.358,20.777 23.689,20.772 25.047,20.781 26.172,20.808 27.063,20.853 27.72,20.917 27.72,20.917
CHR_5E 16; 8.936,8.797 9.041,8.853 9.179,8.913 9.351,8.976 11.177,9.693 13.029,10.491 14.907,11.37 16.811,12.332 18.625,13.32 20.161,14.238 21.418,15.085 22.398,15.861 22.315,15.636 22.234,15.411 22.154,15.186 22.077,14.961 21.619,13.408 21.317,11.901 21.169,10.439 21.177,9.022 21.181,8.863 21.172,8.75; 21.112,8.659 21.112,8.659
CHR_5F 16; 0.315,-3.093 15.189,-3.093
CHR_60 16; 16.153,9.28 16.134,9.255 16.109,9.236 16.08,9.225 16.046,9.222; 16.886,13.451 16.658,13.096 16.461,12.743 16.295,12.391 16.161,12.041 15.964,11.313 15.888,10.639 15.932,10.019 16.096,9.454 16.125,9.405 16.144,9.36 16.153,9.318 16.153,9.28 16.153,9.28
CHR_61 11; 8.106,3.124 7.105,2.19 6.245,1.421 5.527,0.818 4.951,0.379 4.463,0.068 4.011,-0.155 3.594,-0.288 3.213,-0.333 2.858,-0.291 2.561,-0.167 2.324,0.039 2.145,0.328 2.036,0.68 2.006,1.074 2.057,1.511 2.187,1.991 2.893,3.345 4.064,4.619 5.7,5.813 7.801,6.927 8.766,7.347 9.606,7.646 10.323,7.826 10.915,7.886 11.291,7.831 11.516,7.668 11.593,7.395 11.519,7.014 11.467,6.881 11.393,6.727 11.298,6.554 11.181,6.36; 12.483,7.767 8.467,3.512 7.534,2.489 6.834,1.657 6.365,1.015 6.129,0.564 6.063,0.266 6.096,0.052 6.23,-0.076 6.463,-0.119 6.825,-0.035 7.331,0.214 7.98,0.63 8.773,1.212 9.654,1.916 10.566,2.696 11.51,3.554 12.486,4.49 12.55,4.553 12.606,4.599 12.655,4.626 12.695,4.635 12.731,4.63 12.753,4.613; 14.457,4.55 14.457,4.55
CHR_62 9; 5.467,4.372 6.508,5.331 7.393,6.118 8.124,6.732 8.7,7.174 9.179,7.485 9.618,7.708 10.019,7.841 10.38,7.886 10.754,7.844 11.062,7.72 11.306,7.514 11.484,7.225 11.59,6.873 11.617,6.479 11.566,6.042 11.435,5.562 10.889,4.471 9.999,3.388 8.762,2.315 7.18,1.25 5.935,0.558 4.816,0.063 3.822,-0.234 2.953,-0.333 2.605,-0.297 2.317,-0.189 2.089,-0.01 1.92,0.241 1.819,0.549 1.79,0.9 1.835,1.294 1.954,1.73 2.251,2.346 2.77,3.106 3.513,4.009 4.479,5.055 13.77,14.698
CHR_63 8; 11.247,4.326 10.7,3.845 9.809,3.106 8.574,2.109 7.134,1.041 5.882,0.278 4.817,-0.18 3.939,-0.333 3.465,-0.284 3.061,-0.138 2.726,0.104 2.46,0.444 2.281,0.851 2.205,1.295 2.232,1.777 2.363,2.296 2.634,2.911 3.032,3.537 3.557,4.174 4.209,4.822 4.96,5.453 5.781,6.038 6.672,6.578 7.632,7.072 8.425,7.428 9.118,7.682 9.711,7.835 10.204,7.886 10.647,7.806 10.901,7.566 10.967,7.167 10.844,6.608 10.632,6.107 10.335,5.606 9.954,5.105 9.488,4.604 9.002,4.166 8.559,3.853
CHR_64 11; 19.887,14.701 16.076,10.763 13.034,7.605 10.759,5.228 9.254,3.632 8.246,2.518 7.495,1.631 7.001,0.971 6.764,0.538 6.704,0.252 6.746,0.047 6.89,-0.075 7.137,-0.116 8.011,0.172 9.311,1.036 11.038,2.476 13.191,4.492 13.255,4.555 13.311,4.601 13.36,4.628 13.4,4.637; 8.214,3.27 6.489,1.694 5.081,0.568 3.989,-0.107 3.213,-0.333 2.858,-0.291 2.561,-0.167 2.324,0.039 2.145,0.328 2.036,0.68 2.006,1.074 2.057,1.511 2.187,1.991 2.771,3.16 3.707,4.274 4.997,5.331 6.64,6.332 7.992,7.012 9.15,7.497 10.115,7.788 10.887,7.886 11.262,7.831 11.488,7.668 11.565,7.395 11.491,7.014 11.405,6.804 11.283,6.582 11.126,6.347
CHR_65 8; 11.54,4.506 11.465,4.43 11.345,4.317 11.18,4.168 10.289,3.384 8.286,1.758 6.548,0.597 5.075,-0.1 3.867,-0.333 3.395,-0.287 2.994,-0.149 2.666,0.08 2.409,0.401 2.24,0.79 2.172,1.227 2.207,1.709 2.343,2.237 3.002,3.505 4.09,4.695 5.607,5.807 7.554,6.84 8.624,7.298 9.56,7.624 10.363,7.82 11.032,7.886 11.278,7.866 11.491,7.808 11.671,7.71 11.82,7.573 11.926,7.409 11.98,7.227 11.982,7.027 11.931,6.811 11.675,6.308 11.261,5.843 10.69,5.418 9.961,5.032 9.041,4.671 7.896,4.322 6.527,3.985 2,3
CHR_66 5; 17.634,14.96 17.634,14.96; 8,8 12.657,10.261 15.26,12.181 16.681,13.502 17.634,14.96 17.644,15.472 17.484,15.6 16.851,15.571 14.951,14.708 13,13 6,5 -0.711,-2.154 -4.448,-4.968 -6.959,-6.349 -9.813,-7.22 -11.318,-7.168; 5,8 11,8
CHR_67 11; 10.868,6.203 11.478,7.137 11.491,7.497 11.069,7.856 9.731,7.672 7.602,6.82 3.784,4.357 2.149,1.962 1.998,0.882 2.425,-0.062 3.011,-0.312 3.735,-0.236 5.635,0.985 7.629,2.737 10.868,6.203; 13.049,7.668 0,-6 -4.289,-9.136 -6.35,-9.497 -7.031,-9.183 -7.012,-8.454 -6,-7 -4.233,-5.702 0.073,-3.386 8,0 11.304,2.083 14.174,4.622
CHR_68 10; -0.265,-0.26 3.184,3.603 3.589,4.066 4.084,4.627 4.672,5.286 5.35,6.043 5.92,6.65 6.885,7.685 8.244,9.148 9.998,11.04 13.48,14.787; 3.846,3.834 5.742,5.607 7.323,6.873 8.588,7.632 9.537,7.886 9.827,7.852 10.071,7.751 10.269,7.583 10.422,7.348 10.52,7.065 10.552,6.753 10.519,6.412 10.421,6.041 10.152,5.485 9.686,4.818 9.022,4.04 8.161,3.151 7.214,2.197 6.512,1.438 6.054,0.875 5.84,0.508 5.786,0.235 5.837,0.04 5.992,-0.077 6.252,-0.116 6.989,0.113 8.067,0.799 9.485,1.944 11.244,3.546 11.906,4.171 12.276,4.491; 13.538,4.578 13.538,4.578
CHR_69 6; 8.783,9.327 8.729,9.532 8.786,9.818 8.895,10.055 9.058,10.288 9.277,10.516 9.55,10.74 9.844,10.934 10.124,11.072 10.391,11.156; 11.057,10.559 11.057,10.559; 9.146,4.47 9.079,4.403 8.992,4.317 8.076,3.46 6.228,1.801 4.702,0.616 3.499,-0.096 2.619,-0.333 2.302,-0.302 2.034,-0.211 1.814,-0.059 1.644,0.154 1.531,0.412 1.486,0.7 1.509,1.018 1.598,1.366 1.823,1.842 2.209,2.426 2.758,3.12 3.469,3.922 7.044,7.769; 9.216,4.55 9.216,4.55
CHR_6A 5; 8.975,9.348 8.93,9.543 8.986,9.816 9.091,10.046 9.248,10.273 9.458,10.496 9.72,10.716 10.002,10.906; 6.952,7.769 -7.284,-7.397 -9.263,-8.854 -10.994,-9.491 -11.514,-9.535 -12.018,-9.369 -12.253,-9.066 -12.295,-8.678 -12.213,-7.976 -11.307,-7.102 -9.584,-5.658 -3.884,-2.728 8.369,4.163
CHR_6B 10; -0.381,-0.26 -0.11,0.032 0.176,0.342 0.478,0.671 0.794,1.018 3.477,3.952 3.814,4.32 4.228,4.772 4.717,5.308 5.281,5.927 13.644,14.845; 15.459,14.845 15.459,14.845; 10.242,5.586 11.199,6.602 11.507,7.352 11.454,7.907 10.945,8.136 10.246,8.107 8.911,7.398 7.596,6.355 6.406,5.497 5.815,5.147 4.185,4.854 6.06,4.78 6.499,4.404 6.74,4.001 6.755,3.348 5.376,1.387 4.818,0.614 5.034,0.178 5.748,0.187 11.46,4.871
CHR_6C 6; 9.015,4.55 8.99,4.503 8.944,4.448 8.878,4.386 8.791,4.317 7.875,3.46 6.028,1.801 4.522,0.616 3.357,-0.096 2.533,-0.333 2.245,-0.303 2.005,-0.215 1.813,-0.067 1.669,0.139 1.58,0.391 1.551,0.675 1.584,0.99 1.677,1.338 1.834,1.734 2.036,2.124 2.282,2.507 2.573,2.884 3.056,3.435 3.882,4.338 5.05,5.595 6.561,7.205 8.542,9.318 10.37,11.285 12.045,13.108 13.567,14.785
CHR_6D 17; 3.968,4.372 3.966,4.397 3.974,4.43 4.112,4.592 4.484,4.949 5.089,5.5 5.927,6.245 6.787,6.963 7.503,7.475 8.075,7.783 8.503,7.886 8.718,7.858 8.897,7.775 9.042,7.636 9.151,7.443 9.219,7.211 9.237,6.958 9.207,6.684 9.127,6.39 8.917,5.927 8.571,5.384 8.091,4.758 3,0 9.27,5.729 10.734,6.927 11.868,7.646 12.673,7.886 12.954,7.855 13.186,7.762 13.371,7.608 13.507,7.392 13.59,7.129 13.613,6.836 13.576,6.512 13.48,6.157 13.282,5.715 12.968,5.217 12.539,4.662 9,1 13.857,5.729 15.385,6.927 16.578,7.646 17.435,7.886 17.723,7.852 17.964,7.751 18.158,7.583 18.305,7.348 18.396,7.065 18.424,6.752 18.388,6.411 18.289,6.04 18.085,5.571 17.779,5.063 17.371,4.517 16.861,3.934 16.736,3.812 16.381,3.461 15.795,2.882 14.98,2.074 14.501,1.582 14.132,1.151 13.874,0.782 13.725,0.476 13.674,0.215 13.722,0.029 13.87,-0.083 14.118,-0.12 14.855,0.109 15.932,0.796 17.35,1.94 19.109,3.543 19.772,4.168 20.142,4.488; 20.394,4.546 20.394,4.546
CHR_6E 13; 1.774,-0.204 6.577,4.779 8.196,6.704 8.497,7.233 8.539,7.424 8.517,7.56 8.431,7.642 8.282,7.669 7.755,7.474 6.917,6.888 4.076,4.361; 5.381,3.648 7.574,5.642 9.118,6.887 9.7,7.268 10.228,7.541 10.701,7.704 11.12,7.759 11.416,7.726 11.664,7.628 11.865,7.464 12.018,7.236 12.114,6.959 12.146,6.651 12.112,6.312 12.014,5.942 11.743,5.391 11.261,4.711 8.068,1.286 7.621,0.725 7.408,0.349 7.357,0.088 7.405,-0.098 7.554,-0.21 7.802,-0.247 8.664,0.041 9.957,0.905 11.68,2.345 13.988,4.497 14.064,4.501 14.086,4.484 14.093,4.457
CHR_6F 10; 12.854,4.574 12.748,4.419 12.134,3.874 10.811,2.926 10.074,2.527 9.417,2.288 8.84,2.208 8.43,2.251 7.843,2.436 7.901,3.458 8.288,4.18 9.717,5.491 10.377,5.67 10.537,5.516 10.325,4.709 9,3 5.549,0.346 4.033,-0.248 3,-0.221 2.549,0.072 2.331,0.386 2.137,1.176 2.299,2.107 2.859,3.215 3.778,4.303 5.878,5.895 8.427,7.29 10.223,7.84 10.595,7.886 11.266,7.677 11.51,7.134 11.39,6.549 8.842,3.093
CHR_70 9; 10.82,6.016 10.242,4.859 9.314,3.755 8.036,2.703 6.406,1.704 5.038,1.012 3.868,0.517 2.896,0.22 2.122,0.121 1.734,0.176 1.499,0.339 1.417,0.612 1.489,0.993 1.546,1.135 1.63,1.301 1.74,1.491 1.876,1.704; -7.95,-8.09 10.637,11.516; 5,5 6.044,5.942 6.921,6.706 7.632,7.292 8.176,7.701 8.622,7.98 9.041,8.18 9.432,8.3 9.794,8.34 10.149,8.298 10.445,8.173 10.682,7.964 10.86,7.672 10.968,7.318 10.998,6.924 10.948,6.49 10.82,6.016; 11.503,5.562 11.503,5.562
CHR_71 10; 7.978,3.005 7.894,2.926 7.73,2.777 7.486,2.556 7.161,2.265 5.855,1.129 4.752,0.317 3.853,-0.17 3.156,-0.333 2.807,-0.29 2.518,-0.164 2.287,0.047 2.115,0.343 2.01,0.699 1.983,1.092 2.032,1.523 2.159,1.991 2.735,3.137 3.667,4.238 4.956,5.293 6.602,6.303 7.959,6.995 9.126,7.49 10.102,7.787 10.887,7.886 11.262,7.831 11.488,7.668 11.565,7.395 11.491,7.014 11.423,6.853 11.317,6.662 11.173,6.439; 13.411,8.482 12.142,7.13 10.504,5.395 8.496,3.278 6.114,0.773 4.679,-0.756 3.136,-2.4 1.481,-4.162 -0.277,-6.034 -0.484,-6.245 -0.75,-6.519 -1.065,-6.848 -1.427,-7.23
CHR_72 9; 4.1,4.393 5,5.229 6.875,6.888 8.198,7.793 8.951,7.792 9.218,7.512 9.248,7.278 9.202,6.717 3.095,-0.17 7,4 9.553,5.093 11.85,6.381 12.791,7.108 13.064,7.58 13.036,7.788 12.826,7.874 12.375,7.831 11.225,7.205 9.355,5.47 8.326,3.393 8.306,2.745 8.889,2.44 9.508,2.557 10.647,3.202 12.503,4.628
CHR_73 7; 4.703,4.822 9.009,8.283 9.935,9.004 10.585,9.581 10.96,10.015 10.978,10.435 10.798,10.42 10.206,10.147 9.14,9.126 8.065,6.861 8.001,3.79 8,3 7.122,1.671 5.41,0.417 3.335,-0.273 2.016,-0.298 1.204,0.105 0.868,0.882 1.125,2 1.99,3.33 3.305,4.462 4.245,4.848 4.594,4.866 4.947,4.545 4.968,4.329
CHR_74 6; 10.794,10.598 3,2 2.336,0.252 2.709,-0.096 4.067,0.26 5.879,1.756 9.165,4.602; 5.579,7.782 10.743,7.89
CHR_75 10; 7.072,7.769 2.079,2.299 1.517,1.046 1.577,0.301 2.384,-0.317 3.414,-0.067 4.286,0.502 11.633,7.747 6.639,2.315 6.061,1.249 6.206,0.07 6.738,-0.3 7.632,-0.204 13.417,4.601
CHR_76 9; 7.044,7.769 2.219,2.477 1.841,1.902 1.575,1.25 1.574,0.454 1.897,-0.043 2.434,-0.3 3.435,-0.225 4.655,0.357 8.561,3.755 10.928,6.287 11.704,7.464 11.721,7.78 11.485,7.886 10.835,7.668 9.147,6.146 7.983,4.442 7.637,3.51 7.724,2.528 8.427,2.136 9.255,2.342 12.377,4.574
CHR_77 14; 7.044,7.769 2.158,2.383 1.712,1.622 1.491,0.735 1.872,-0.127 2.358,-0.317 3.253,-0.133 4.727,1.019 11.532,7.769 6.859,2.656 6.191,1.556 6.02,0.726 6.295,0.059 6.775,-0.254 7.693,-0.29 7.921,-0.225 9.141,0.357 13.029,3.725 15.751,6.7 16.173,7.534 16.038,7.872 15.764,7.842 14.813,7.32 13.107,5.462 12.352,4.132 12.079,3.259 12.307,2.419 12.634,2.179 13.752,2.342 16.838,4.632
CHR_78 11; 4.059,4.537 7.4,7.237 8.178,7.636 9.159,7.886 9.903,7.737 10.562,6.797 10.452,5.795 9.281,3.992 7.268,0.988 7.209,0.333 7.721,-0.082 8.414,0.023 11.806,2.049 14.573,4.543; 4.476,2.806 3.738,2.881 2.864,2.422 1.827,1.258 1.605,0.643 1.694,0.023 2.249,-0.322 2.778,-0.229 4.245,0.502 6.739,2.671 12.553,7.12 13.99,7.79 14.86,7.811 15.169,7.402
CHR_79 10; 7.647,7.673 1.683,1.603 1.528,1.202 1.485,0.585 1.862,-0.127 3.03,-0.232 12.054,7.675 -1.415,-7.337 -2.874,-8.274 -4.857,-9.285 -6.444,-9.702 -7.433,-9.666 -7.893,-9.183 -7.902,-8.586 -7,-7 -5.178,-5.483 13.388,4.615
CHR_7A 9; 4.141,4.391 5.906,6.101 7.396,7.127 8.611,7.721 9.239,7.829 9.687,7.68 10.578,7.081 11.247,6.631 11.946,6.599 14.049,7.769; 14.042,7.727 1.473,-0.309 4.608,1.657 5.446,1.573 6.089,0.754 6,-1 3.181,-4.657 -1.264,-7.71 -4.152,-9.006 -6.309,-9.541 -7.287,-9.574 -8.087,-9.272 -8.259,-8.84 -7.74,-7.428 -6.008,-5.75 -2.89,-3.992 6.58,-0.094 8.111,0.89 12.523,4.632
CHR_7B 14; 8.383,-2.192 8.053,-2.209 7.183,-2.204 6.505,-2.188 6.021,-2.16 5.728,-2.122 5.156,-1.936 4.803,-1.639 4.669,-1.232 4.754,-0.713 4.938,-0.275 5.207,0.214 5.563,0.753 6.004,1.342 6.596,2.058 7.4,2.981 8.418,4.11 9.649,5.444 10.476,6.363 11.094,7.1 11.504,7.655 11.704,8.029 11.752,8.392 11.614,8.65 11.29,8.805 10.781,8.857 10.688,8.864 10.627,8.886 10.599,8.923 10.603,8.973 10.664,9.054 10.788,9.122 10.974,9.178 11.224,9.22 12.156,9.406 13,9.685 13.755,10.059 14.421,10.528 15.117,11.188 15.961,12.137 16.953,13.374 18.094,14.901 18.947,16.032 19.756,17.014 20.522,17.848 21.245,18.532 21.94,19.084 22.686,19.575 23.481,20.006 24.327,20.377 25.165,20.663 26.001,20.868 26.837,20.99 27.673,21.031
CHR_7C 16; 19.205,19.842 10.773,-4.969
CHR_7D 14; 21.596,19.015 21.445,18.651 21.234,18.269 20.962,17.87 20.63,17.454 20.101,16.863 19.239,15.938 18.044,14.681 16.517,13.09 15.658,12.171 15.012,11.42 14.579,10.835 14.359,10.418 14.306,10.179 14.315,9.958 14.387,9.755 14.52,9.568 14.702,9.413 14.917,9.305 15.167,9.243 15.45,9.227 15.588,9.223 15.68,9.198 15.723,9.151 15.72,9.082 15.671,9.008 15.58,8.947 15.446,8.899 15.268,8.864 14.547,8.744 13.913,8.573 13.368,8.352 12.91,8.079 12.451,7.693 11.899,7.131 11.254,6.393 10.516,5.479 9.32,3.971 8.339,2.759 7.573,1.842 7.022,1.222 5.849,0.074 4.72,-0.83 3.634,-1.488 2.591,-1.901 1.971,-2.035 1.159,-2.13 0.155,-2.187 -1.041,-2.206 -1.247,-2.195; 19.217,21.034 20.515,20.908 21.344,20.529 21.705,19.899 21.596,19.015 21.596,19.015
CHR_7E 21; 15.848,18.253 17.102,19.469 18.292,20.337 19.418,20.858 20.482,21.032 21.105,20.95 21.826,20.705 22.647,20.296 23.566,19.724 24.405,19.202 25.147,18.83 25.793,18.606 26.342,18.532 27.253,18.69 28.242,19.164 29.309,19.954 30.455,21.06